 1
32474 0
32474 1
32474 0
32474 1
32474 0
32474 1
32476 0
32476 1
32474 0
32474 1
32476 0
32476 1
32474 0
32474 1
32476 0
32476 1
32474 0
32474 1
32476 0
32476 1
32474 0
32474 1
32476 0
32476 1
32474 0
32474 1
32476 0
32476 1
32474 0
32474 1
32476 0
32476 1
32474 0
32474 1
32476 0
32476 1
32474 0
32474 1
32476 0
32476 1
32474 0
32474 1
32476 0
32476 1
32474 0
32474 1
32476 0
32476 1
32474 0
32474 1
32476 0
32476 1
32474 0
32474 1
32476 0
32476 1
32474 0
32474 1
32476 0
32476 1
32474 0
32474 1
32476 0
32476 1
32474 0
32474 1
32476 0
32476 1
32474 0
32474 1
32476 0
32476 1
32474 0
32474 1
32476 0
32476 1
32476 0
32476 1
32476 0
32476 1