 1
32474 0
32474 1
32474 0
32474 1
32474 0
32474 1
32475 0
32475 1
32474 0
32474 1
32475 0
32475 1
32474 0
32474 1
32475 0
32475 1
32475 0
32475 1
32474 0
32474 1
32475 0
32475 1
32475 0
32475 1
32474 0
32474 1
32475 0
32475 1
32474 0
32474 1
32475 0
32475 1
32475 0
32475 1
32474 0
32474 1
32475 0
32475 1
32475 0
32475 1
32474 0
32474 1
32475 0
32475 1
32474 0
32474 1
32475 0
32475 1
32474 0
32474 1
32475 0
32475 1
32474 0
32474 1
32475 0
32475 1
32475 0
32475 1
32474 0
32474 1
32475 0
32475 1
32474 0
32474 1
32475 0
32475 1
32474 0
32474 1
32475 0
32475 1
32474 0
32474 1
32475 0
32475 1
32474 0
32474 1
32474 0
32474 1
32474 0
32474 1