 1
32476 0
32476 1
32475 0
32475 1
32476 0
32476 1
32475 0
32475 1
32475 0
32475 1
32476 0
32476 1
32475 0
32475 1
32475 0
32475 1
32476 0
32476 1
32475 0
32475 1
32476 0
32476 1
32475 0
32475 1
32475 0
32475 1
32476 0
32476 1
32475 0
32475 1
32475 0
32475 1
32476 0
32476 1
32475 0
32475 1
32476 0
32476 1
32475 0
32475 1
32476 0
32476 1
32475 0
32475 1
32476 0
32476 1
32475 0
32475 1
32475 0
32475 1
32476 0
32476 1
32475 0
32475 1
32476 0
32476 1
32475 0
32475 1
32476 0
32476 1
32475 0
32475 1
32476 0
32476 1
32475 0
32475 1
32476 0
32476 1
32475 0
32475 1
32476 0
32476 1
32476 0
32476 1
32476 0
32476 1
32476 0
32476 1
32476 0
32476 1